893748762290290698
893748838974750770
893748755327746078
893748833559908402
893748788743766046
893748729289519134
893748752974761996
893748723467829268
893748843013890048
893748752450473995
893759571846385684
893748725162328094
893748737661345804
893748746926563348
893748750592393289
893748813813133322
893748759618531338
893748768820830208
893780971927769108
893748792376037406
893748797967073291
893748757785624626
893748847904452659
893748724130537503
893748775871459329
893748767105368104
893748838131712062
893748842003066941
893748827876651018
893748730845610044
893748781357604934
893748793873412096
893748794863276082
893757441710374942
893748722322772009
893748811904716840
902816804261482526
902816585297846332
893748819261546506
893748756967735296
893748783228256337
893748810864525312
893748785535143967
893748726609379360
893748725866987540
893748849070460928
895522600426537021
893748795966365736
893748844683227147
893748815474073640
893748748977582090
893748822918963271
893748732405886979
893748733232168960
893748784339759155
895272935936372746
902816713517711390
893748820620509206
893748805432901682
893748823829118996
893748756191776828
893748772264366120
893748758767087616
895938169848078356
893748840035917894
893748844020531240
893748760079912971
893748830531645481
895295266226331658
893748728475820042
893748817306984478
893748800894689300
893748818011631637
893748836332363806
893748734859550750
893748731596374026
902816517631131678
902816674212888627
895272798988144640
893748733941022730
893748766207774750
902277054689583114
902907031311229020
895272801399881728
893748802748551199
897497657092751440
893748730103222302
893748763288563712
893748774063706132
895272798136721448
893748806015930379
893748741775958046
893748809216192512
893748745332736040
893748796545175583
893748846595801088
893780972682739762
893748790396350464
893748810034081802
893748743621464104
893748771505197056
902816887489044481
893748769382858773
893748816409419796
893748774621548566
899162612103798824
893748835476713492
893748773199691816
893748721504903168
893748829239771167
895272799998980117
893748837066367027
893748764202917908
893748812844265552
893748822025588736
893748834545573888
893748799758024744
901910027227500544
902827866243358750
893748782083219457
893759520084459521
893748801901318164
893748770620190740
893748814614233168
893748777112985640
893748720003342356
