893747816772562955
903717273318084638
902913669887848479
902405231017619488
901487582666444911
901487576437882880
901487568414212198
901487557966188665
901487551485968394
901487541306421279
901487534079623219
901487524948615208
901487517646340168
901354887479181323
901354882668302376
901354864347582534
901354857489915965
901354850632220682
901313376364417076
897490146570682429
897489266999959663
897483768615551037
895997068143915009
895936179986382859
895298843044880415
895298771305517107
895298685032886283
895298608025436221
894674302983618631
894303830630625301
894303669049237506
894303485108031529
893783758581424140
893783694291116044
893783602855288853
893755109199212577
895376210811576341
897529083368452126
893754538866143263
893753220504092703
893752557640515596
893752290471710772
893752140466638849
893750044140908576
893748717033771039
893748716589154344
893748715788050442
893748714714329129
893748714148077588
893748713367937076
893748712663293962
893748711929311252
893748711178514432
893748710117355541
893748709660168232
893748708854878248
893748708032806962
893748706984206347
893748706292150322
893748703410663514
893748701661650966
893748701137346590
893748700378198036
893748699430281266
893748698197143553
895272818130976770
893748697798697000
893748697060483112
893748696360026142
893748695609249812
893748694527119401
893748693990244352
893748692719394817
893748692388048916
893748691381399603
893748690806800394
893748689976307722
893748688910946346
893748688235667476
893755419644821545
893776275074859060
893748687019331615
893748686037876778
893748685580677130
893748684779556884
893748683915526144
893748683135402024
893748682430746634
893748681730318376
893748680987922442
893748679884804097
893748679205326858
893748678488100895
893748677762482206
893748676638425119
893748676265127966
893748675195572256
893748674297987112
893748672624492595
893748672033071114
893748671185821696
893748670082715659
893748669650722826
893748668497293313
893748668153335828
893748667297697792
893748666429489152
893748665703862293
902085733383274537
893748664957292574
893748663904514089
893748663149539350
893748662029664306
893748661023014913
893748659911540778
902069332056616992
893748657281724447
901886258916245504
893748656606437376
893748655562043402
893748654802870322
893748653397790780
893748652433096744
893748651715858452
893748651023814726
893748650000404520
893748648947626034
893748647710314527
893748647156674620
893748646162624524
893748645596373053
893748644849811456
893748644036104222
893748643184672798
893748641892818945
893748639250411600
893748638017277984
893748637333618729
893748662721736724
893748636528291870
893748659211096077
893748634573737985
893748634145914910
893748633445498880
893748632510144513
899159368333946882
893748635702014003
893748631860043776
893748631092486154
893748658254774343
893748630274596884
893748629246980116
893748627577643008
893748626499702805
893748626097057832
902501070717218846
902500914898808892
902500816068415489
902500717917507604
902500608785940520
902499371625644102
893748619755286538
893748625212071987
893748624650043402
893748623769210900
893748622921961482
893748622150238240
893748621403639869
895296202462097498
893780862477410304
893780862796189746
902087819055480892
894303310151045161
893752788369178657
893748027142049793
895275421917126697
894674145760137267
893748615812620339
893748615388995624
893781715171016707
893755901796827208
895939112555651103
893748617410662410
901874969947013201
896342707822288927
893748611643478077
902586848260526081
